4112 0
4288 0
8406 30
8406 31
8406 32
8537 199
8537 200
8547 290
8547 291
8547 292
8701 88
8701 89
8701 115
8759 161
8759 162
8877 16
8877 17
8877 18
8886 212
8886 213
8886 214
9210 221
9210 222
9210 226
9242 75
9242 76
9242 77
9242 84
9269 41
9269 42
9269 43
9273 66
9273 67
9301 16
9301 17
9301 65
9394 49
9394 50
9394 54
9410 74
9410 75
9410 76
9412 180
9412 181
9467 35
9467 36
9467 37
9498 52
9498 53
9498 208
9498 258
9501 66
9501 67
9501 68
9501 69
9501 70
9532 49
9532 67
9532 77
9532 91
9536 15
9536 16
9536 17
9536 18
9560 240
9560 252
9560 253
9658 111
9658 112
9658 113
9668 117
9668 154
9668 171
9689 63
9690 69
9690 70
9690 71
9710 202
9710 203
9718 0
9718 1
9718 2
9780 22
9781 15
9781 16
9781 45
9781 46
9781 47
9781 48
9781 78
9781 79
9781 80
9783 16
9783 17
9783 18
9783 41
9783 42
9783 43
9783 46
9783 67
9783 68
9783 102
9783 103
9783 109
9783 110
9783 137
9783 150
9783 156
9783 158
9783 159
9783 175
9783 176
9783 224
9783 225
9783 273
9783 333
9783 335
9783 336
9783 337
9783 346
9783 347
9783 348
9783 359
9783 360
9783 361
9783 362
9783 363
9783 364
9783 423
9783 424
9783 425
9784 0
9784 1
9784 2
9784 3
9784 10
9784 11
9784 115
9784 116
9784 117
9784 118
9784 119
9784 120
9784 121
9784 122
9784 123
9784 124
9784 248
9786 44
9786 45
9786 46
9786 47
9786 48
9786 49
9786 50
9786 51
9786 52
9786 53
9786 113
9786 114
9786 115
9786 116
9786 117
9786 118
9786 119
9786 120
9786 121
9786 122
9786 126
9788 32
9788 44
9790 0
9790 1
9790 2
9790 3
9790 4
9790 5
9790 6
9790 7
9791 6
9792 7
9794 34
9794 49
9794 58
9794 93
9794 94
9794 96
9794 97
9794 98
9794 99
9794 100
9794 101
9794 102
9794 103
9801 20
9801 21
9801 28
9802 50
9802 51
9802 52
9802 53
9802 54
9802 55
9802 56
9802 57
9802 58
9802 59
9802 73
9802 75
9802 104
9802 105
9802 106
9802 107
9802 108
9802 109
9803 70
9803 71
9803 72
9803 73
9803 74
9803 75
9803 76
9803 77
9803 78
9803 79
9803 149
9803 153
9803 155
9803 199
9803 207
9803 225
9803 226
9803 227
9803 228
9803 229
9803 230
9803 231
9803 232
9803 233
9803 240
9803 241
9803 242
9807 25
9807 26
9807 27
9807 28
9807 29
9809 12
9809 13
9809 14
9809 15
9809 16
9809 17
9809 18
9809 19
9809 30
9809 31
9809 32
9809 33
9809 34
9809 35
9809 36
9809 37
9809 38
9809 39
9809 40
9809 41
9809 52
9809 53
9809 54
9809 55
9809 56
9809 57
9809 58
9809 59
9809 90
9809 91
9810 163
9810 166
9810 185
9810 186
9810 187
9810 188
9810 189
9810 190
9810 216
9810 217
9810 218
9810 219
9810 220
9810 221
9810 222
9810 223
9810 224
9810 226
9810 227
9810 228
9810 229
9810 230
9810 231
9810 232
9810 233
9810 286
9813 0
9813 1
9813 2
9813 3
9813 4
9814 0
9814 1
9814 2
9814 14
9814 15
9814 16
9814 17
9814 18
9814 19
9814 20
9816 62
9816 63
9816 64
9816 65
9816 66
9816 68
9816 69
9816 70
9816 71
9816 72
9819 87
9833 40
9833 41
9833 42
9833 43
9838 10
9838 11
9838 12
9838 13
9838 14
9838 15
9838 16
9838 20
9838 21
9838 22
9838 26
9838 30
9838 31
9843 5
9843 6
9843 7
9843 8
9843 9
9843 10
9843 11
9843 12
9843 13
9843 14
9843 35
9843 36
9843 37
9843 38
9843 39
9843 40
9843 41
9843 42
9843 43
9843 44
9843 45
9843 46
9843 47
9843 48
9843 49
9843 50
9843 51
9843 52
9843 53
9843 54
9843 117
9843 118
9843 119
9843 120
9843 121
9843 122
9843 125
9843 126
9843 127
9843 128
9846 63
9846 122
9846 123
9846 124
9846 125
9846 126
9846 127
9847 0
9847 1
9847 2
9847 3
9847 4
9847 5
9847 6
9847 7
9847 8
9847 9
9847 107
9847 118
9848 50
9848 72
9848 186
9848 187
9848 188
9848 189
9848 190
9848 191
9848 192
9848 193
9848 194
9848 195
9848 287
9848 288
9848 289
9848 290
9848 291
9848 292
9848 293
9848 294
9848 295
9848 296
9851 63
9851 100
9851 101
9852 10
9852 11
9852 12
9852 13
9852 14
9852 15
9852 16
9854 192
9854 193
9854 194
9854 202
9854 203
9854 204
9854 205
9854 206
9854 207
9854 208
9858 10
9858 11
9858 12
9858 13
9858 14
9858 15
9858 16
9858 17
9858 18
9858 19
9867 74
9867 78
9867 79
9867 80
9867 81
9867 82
9867 83
9867 86
9867 87
9867 88
9867 89
9867 120
9867 121
9867 122
9867 123
9867 124
9867 125
9867 126
9867 128
9867 129
9867 130
9869 20
9871 112
9871 113
9871 114
9871 115
9871 116
9871 117
9871 118
9871 119
9871 120
9871 121
9871 132
9871 133
9871 134
9871 135
9871 136
9871 137
9871 165
9871 166
9871 167
9871 168
9873 0
9873 1
9873 2
9873 3
9873 4
9873 5
9873 6
9873 7
9873 8
9873 9
9873 112
9873 113
9873 158
9873 159
9873 160
9873 161
9873 162
9873 163
9873 164
9873 165
9876 1
9879 1
9879 4
9888 111
9888 116
9888 117
9888 120
9888 121
9888 122
9888 123
9888 124
9888 125
9888 126
9889 102
9889 103
9889 104
9889 105
9889 106
9889 107
9889 108
9889 109
9889 110
9889 111
9889 287
9889 288
9889 289
9889 290
9889 291
9889 292
9889 293
9889 294
9889 295
9889 296
9890 138
9890 139
9890 153
9890 154
9890 155
9890 156
9890 160
9890 161
9890 162
9890 163
9890 164
9890 210
9890 211
9890 212
9890 213
9890 214
9890 215
9890 216
9890 218
9890 219
9890 220
9890 237
9890 238
9890 239
9891 31
9891 32
9891 33
9891 34
9891 35
9891 36
9891 37
9891 38
9891 39
9891 40
9894 56
9894 57
9894 58
9894 59
9894 60
9894 61
9894 62
9894 63
9894 64
9894 65
9895 2
9895 37
9895 38
9895 39
9895 40
9895 41
9895 42
9895 108
9895 111
9895 112
9895 113
9895 127
9895 170
9895 171
9895 202
9895 203
9895 204
9895 205
9895 206
9895 207
9895 208
9895 209
9895 210
9895 211
9895 253
9895 256
9895 258
9895 259
9895 260
9895 261
9895 262
9895 263
9895 264
9895 297
9895 298
9895 299
9895 300
9895 314
9895 355
9895 356
9895 357
9895 360
9895 363
9895 364
9895 365
9895 384
9895 385
9895 387
9895 388
9895 389
9895 390
9895 391
9895 392
9895 393
9895 420
9895 421
9895 422
9896 114
9896 115
9896 116
9896 117
9896 118
9896 119
9896 120
9896 121
9896 122
9896 123
9896 230
9896 231
9896 232
9896 233
9896 234
9896 235
9896 236
9896 237
9896 238
9896 239
9896 298
9896 299
9896 300
9896 301
9896 302
9896 303
9896 304
9896 305
9896 306
9896 307
9898 70
9898 71
9898 72
9898 73
9898 74
9899 0
9899 1
9899 2
9899 3
9899 4
9899 5
9899 6
9899 7
9899 8
9899 9
9899 105
9899 106
9899 111
9899 112
9899 113
9899 114
9899 115
9899 116
9899 117
9899 118
9899 148
9899 149
9899 150
9899 151
9899 152
9899 153
9899 154
9899 155
9899 156
9899 157
9899 220
9899 221
9899 222
9899 223
9899 224
9899 225
9899 226
9899 227
9899 228
9899 229
9899 244
9899 245
9899 246
9899 247
9899 248
9899 249
9899 250
9899 251
9899 320
9899 321
9899 322
9899 323
9899 324
9899 325
9899 326
9899 327
9899 328
9899 329
9903 22
9903 40
9903 41
9903 42
9903 46
9903 47
9903 48
9903 49
9903 50
9903 71
9903 72
9903 73
9903 74
9903 75
9903 76
9903 77
9903 78
9903 79
9903 80
9903 83
9903 85
9903 86
9903 87
9903 88
9903 89
9903 90
9903 91
9903 92
9903 93
9903 103
9903 104
9903 105
9903 106
9903 107
9903 108
9903 109
9903 110
9903 111
9903 112
9903 160
9903 161
9903 162
9903 163
9903 164
9903 165
9903 176
9903 177
9903 178
9903 179
9903 197
9903 198
9903 199
9903 200
9903 201
9903 202
9903 203
9903 204
9903 205
9903 208
9903 209
9903 210
9903 211
9903 212
9903 213
9903 214
9903 215
9903 216
9903 217
9906 20
9906 94
9906 96
9906 97
9906 99
9906 100
9906 101
9906 102
9906 106
9906 108
9906 109
9906 110
9906 111
9906 129
9906 139
9906 140
9906 141
9906 142
9906 143
9906 144
9906 145
9906 146
9906 147
9906 148
9906 186
9906 191
9906 192
9906 193
9906 194
9906 195
9906 196
9906 197
9906 198
9906 199
9906 200
9906 265
9906 283
9906 284
9906 285
9906 286
9906 287
9906 288
9906 289
9906 290
9906 291
9906 292
9906 394
9906 395
9906 396
9906 397
9906 398
9906 399
9906 400
9906 401
9906 402
9906 403
9907 51
9907 52
9907 53
9907 54
9907 55
9907 56
9907 57
9907 64
9907 65
9907 66
9907 67
9907 68
9907 69
9907 70
9907 71
9907 72
9907 73
9907 74
9907 75
9907 76
9907 87
9907 88
9907 89
9907 90
9907 91
9907 92
9907 93
9907 94
9907 95
9907 96
9907 106
9907 107
9907 108
9907 109
9907 110
9907 111
9907 112
9907 161
9907 162
9907 163
9907 185
9907 217
9907 218
9907 219
9907 220
9907 221
9907 222
9907 225
9907 226
9907 227
9907 228
9907 229
9907 230
9907 231
9907 232
9907 233
9907 234
9907 235
9907 236
9907 237
9907 238
9909 34
9909 35
9909 36
9909 64
9909 65
9909 66
9909 67
9909 68
9909 69
9910 65
9910 66
9910 67
9910 68
9910 69
9910 70
9910 91
9910 92
9910 93
9910 94
9910 95
9911 43
9911 44
9911 45
9911 46
9911 47
9911 48
9911 49
9911 50
9911 51
9911 52
9911 89
9911 90
9911 91
9911 92
9911 93
9911 139
9911 140
9911 144
9911 145
9911 148
9911 149
9911 150
9911 151
9911 152
9911 202
9911 203
9911 204
9911 205
9911 206
9911 207
9911 218
9911 219
9911 221
9911 225
9911 228
9911 229
9911 230
9911 253
9911 254
9911 255
9911 276
9911 277
9911 278
9911 279
9911 280
9911 281
9911 282
9911 283
9911 284
9911 285
9911 286
9911 287
9911 288
9911 289
9911 290
9911 291
9911 311
9911 312
9911 313
9912 10
9912 11
9912 12
9912 13
9912 14
9912 15
9912 16
9912 17
9912 18
9912 19
9912 55
9912 56
9912 57
9912 58
9922 65
9922 66
9922 67
9922 68
9922 69
9922 70
9922 71
9922 72
9922 73
9922 74
9922 163
9922 164
9922 165
9922 176
9922 177
9922 178
9922 179
9922 180
9922 181
9922 182
9922 211
9922 212
9922 213
9922 214
9922 215
9922 216
9922 217
9922 218
9922 219
9922 220
9923 4
9923 41
9923 42
9923 43
9923 44
9923 45
9923 46
9923 47
9923 48
9923 49
9923 50
9923 114
9923 188
9923 192
9923 193
9923 194
9923 195
9923 196
9923 197
9923 235
9923 236
9923 274
9923 280
9923 281
9923 282
9923 283
9923 284
9923 285
9923 286
9923 287
9923 288
9923 289
9923 291
9923 292
9923 336
9923 355
9923 377
9923 378
9923 379
9923 380
9923 381
9923 382
9923 383
9926 109
9926 110
9926 111
9926 112
9926 113
9926 114
9926 119
9926 128
9926 129
9926 163
9926 164
9926 165
9926 175
9926 179
9926 223
9926 224
9926 255
9927 58
9927 59
9927 60
9927 61
9927 93
9927 94
9927 95
9927 96
9927 398
9927 399
9927 400
9927 402
9927 403
9927 404
9927 405
9927 406
9927 407
9928 100
9928 101
9928 102
9928 103
9928 104
9928 105
9928 106
9928 107
9928 108
9928 109
9930 10
9930 11
9930 12
9930 13
9930 14
9930 15
9930 16
9930 17
9930 18
9930 19
9930 40
9930 41
9930 42
9930 43
9930 104
9930 105
9930 106
9930 107
9930 108
9930 109
10057 0
10057 1
10057 2
10057 3
10067 12
10067 14
10067 16
10067 17
10067 18
10067 19
10067 21
10067 22
10067 23
10067 24
10067 25
10067 26
10067 27
10067 28
10067 32
10067 57
10067 58
10067 59
10067 60
10070 14
10070 15
10070 25
10072 33
10072 34
10072 35
10072 36
10072 37
10072 48
10072 49
10072 50
10072 176
10072 177
10072 178
10072 202
10072 208
10072 209
10072 210
10072 211
10072 212
10072 213
10072 214
10072 215
10072 216
10072 217
10072 221
10072 222
10072 223
10072 225
10072 245
10072 247
10072 254
10072 255
10072 260
10072 261
10072 262
10072 263
10072 264
10072 273
10072 274
10072 302
10072 347
10072 348
10072 349
10072 363
10072 364
10072 387
10072 388
10072 389
10072 390
10072 405
10072 406
10072 407
10072 468
10072 469
10072 470
10072 471
10072 484
10072 485
10072 486
10072 615
10072 616
10072 617
10072 621
10072 622
10072 623
10072 649
10072 657
10072 658
10072 674
10072 675
10072 676
10075 10
10075 17
10075 18
10075 25
10075 48
10075 49
10075 63
10075 109
10075 119
10075 120
10075 121
10075 145
10075 146
10075 147
10075 148
10075 179
10075 180
10075 181
10075 183
10075 184
10075 185
10075 217
10075 218
10075 219
10075 220
10075 273
10075 281
10075 282
10075 307
10075 308
10075 309
10075 310
10075 314
10075 332
10075 333
10075 394
10075 395
10075 396
10075 397
10075 437
10075 438
10075 439
10075 506
10075 507
10075 508
10075 515
10075 516
10075 517
10075 518
10075 578
10077 4
10077 5
10077 6
10077 54
10077 58
10077 59
10077 60
10077 61
10077 62
10077 77
10077 78
10077 79
10077 80
10077 90
10077 91
10077 100
10077 102
10077 103
10077 104
10077 108
10077 109
10077 111
10077 112
10077 113
10077 127
10077 132
10077 138
10077 139
10077 140
10077 141
10077 179
10077 183
10077 184
10077 192
10077 196
10077 197
10077 198
10077 199
10077 207
10077 208
10077 209
10077 243
10077 244
10077 250
10077 251
10077 252
10077 268
10077 269
10077 270
10077 271
10077 272
10077 328
10077 344
10077 363
10077 384
10077 385
10077 386
10077 387
10077 403
10077 426
10077 427
10077 428
10077 429
10077 500
10077 502
10077 503
10077 518
10077 519
10077 520
10077 521
10077 527
10077 528
10077 529
10077 530
10077 554
10077 570
10077 571
10077 572
10077 573
10077 576
10077 645
10077 705
10078 13
10078 14
10078 15
10078 40
10078 41
10078 42
10078 58
10078 59
10078 60
10078 61
10078 64
10078 65
10078 66
10078 67
10078 81
10078 82
10078 83
10078 109
10078 110
10078 111
10078 127
10078 132
10078 137
10078 157
10078 162
10078 163
10081 9
10081 10
10081 11
10081 12
10085 10
10085 11
10085 12
10085 85
10085 86
10085 87
10085 88
10085 93
10085 94
10085 186
10085 203
10085 292
10085 293
10086 0
10086 1
10086 2
10086 10
10086 11
10086 12
10086 13
10087 16
10087 17
10087 18
10090 40
10090 42
10090 43
10090 51
10090 52
10090 53
10090 60
10090 61
10090 62
10090 63
10090 176
10090 207
10090 214
10090 215
10090 284
10090 288
10090 292
10090 293
10090 304
10090 305
10090 306
10093 28
10093 29
10093 30
10093 31
10093 43
10093 44
10093 45
10093 46
10093 47
10093 48
10093 49
10093 70
10093 71
10093 72
10093 73
10093 105
10093 106
10093 127
10093 155
10093 156
10093 157
10093 158
10093 159
10093 160
10093 161
10093 165
10093 166
10093 167
10093 218
10093 219
10093 220
10093 221
10093 237
10093 238
10093 239
10093 241
10093 242
10093 318
10093 319
10093 346
10093 347
10093 348
10093 349
10093 354
10093 384
10093 388
10093 389
10093 390
10093 418
10093 419
10093 420
10093 421
10095 66
10095 67
10095 68
10103 18
10103 20
10107 84
10107 85
10107 86
10107 112
10107 113
10107 114
10107 168
10107 174
10107 175
10107 176
10107 177
10107 178
10116 2
10116 3
10117 44
10117 64
10117 123
10117 158
10117 160
10117 207
10117 208
10117 209
10117 210
10117 218
10117 219
10117 220
10117 307
10117 308
10117 309
10117 325
10117 385
10117 388
10117 392
10117 415
10117 522
10117 524
10117 526
10117 547
10117 549
10117 604
10117 605
10117 634
10117 635
10117 636
10117 639
10117 684
10117 685
10117 695
10117 723
10118 17
10118 28
10118 32
10119 38
10119 39
10119 147
10119 187
10120 31
10120 33
10120 42
10120 43
10120 45
10120 72
10120 93
10120 270
10120 271
10120 274
10120 277
10120 344
10120 349
10120 350
10121 68
10121 114
10121 116
10121 128
10121 129
10121 216
10121 220
10126 5
10126 8
10126 9
10126 10
10126 11
10126 12
10126 13
10127 12
10127 14
10127 17
10131 7
10132 10
10132 14
10132 15
10132 64
10132 66
10132 68
10132 70
10132 73
10132 94
10132 95
10132 173
10132 175
10132 176
10132 177
10132 181
10132 384
10132 385
10132 386
10132 387
10132 390
10132 391
10134 3
10134 6
10134 7
10134 8
10135 10
10135 11
10135 90
10135 92
10135 95
10135 96
10135 99
10135 111
10135 115
10135 116
10135 151
10135 204
10135 205
10135 206
10139 88
10139 91
10139 92
10139 94
10139 96
10139 109
10139 120
10139 122
10139 123
10139 125
10139 126
10139 169
10139 170
10139 212
10139 214
10139 245
10139 246
10139 249
10139 260
10139 366
10139 367
10139 369
10139 454
10139 456
10139 457
10141 54
10141 58
10141 59
10141 61
10141 62
10141 154
10141 156
10141 159
10141 160
10141 162
10144 68
10144 72
10144 105
10144 108
10144 180
10144 181
10144 183
10144 187
10144 188
10144 189
10172 36
10203 44
10203 64
10203 65
10203 66
10203 67
10203 68
10203 169
10203 242
10203 243
10203 244
10203 245
10203 259
10203 261
10203 262
10203 263
10203 264
10203 265
10247 25
10247 26
10247 47
10247 48
10247 49
10247 50
10247 89
10247 96
10247 102
10247 106
10247 107
10247 108
10247 114
10247 122
10250 38
10250 79
10250 83
10250 84
10250 120
10250 121
10250 122
10250 123
10250 124
10250 135
10250 136
10250 138
10250 139
10250 167
10250 168
10250 243
10250 257
10250 266
10250 267
10250 295
10250 296
10250 305
10250 306
10250 307
10250 313
10250 316
10250 317
10250 318
10250 319
10250 330
10250 360
10250 361
10250 377
10250 378
10250 381
10250 390
10251 10
10251 11
10251 12
10251 13
10251 14
10251 15
10251 16
10251 17
10251 18
10251 19
10251 20
10251 21
10251 22
10251 23
10251 24
10251 25
10251 26
10251 27
10251 28
10251 29
10253 127
10253 150
10253 182
10253 197
10253 234
10253 235
10253 236
10253 237
10253 238
10253 239
10253 240
10253 241
10253 242
10253 243
10255 30
10255 39
10255 40
10255 41
10255 42
10255 43
10255 44
10255 45
10255 46
10255 47
10255 48
10255 49
10257 10
10257 11
10257 12
10257 13
10257 14
10257 15
10257 16
10257 17
10257 18
10257 19
10260 80
10260 81
10260 82
10260 83
10260 84
10260 85
10260 86
10260 87
10260 88
10260 89
10261 40
10264 120
10264 121
10264 122
10264 123
10264 124
10264 125
10264 126
10264 127
10264 128
10264 129
10265 20
10265 21
10265 22
10265 23
10269 20
10269 21
10269 22
10269 23
10269 24
10269 25
10269 26
10269 27
10269 28
10269 29
10269 130
10269 131
10269 132
10269 133
10269 134
10269 135
10269 136
10269 137
10269 138
10269 159
10269 160
10269 161
10269 162
10269 163
10269 164
10269 165
10269 166
10269 167
10269 168
10269 170
10269 171
10269 172
10269 192
10269 193
10269 194
10269 195
10269 196
10269 197
10269 198
10269 199
10269 200
10269 201
10271 125
10271 126
10271 127
10271 128
10271 129
10271 130
10271 131
10271 132
10271 133
10271 134
10272 10
10272 11
10272 12
10272 13
10272 14
10272 15
10272 16
10272 17
10272 18
10272 19
10273 183
10273 184
10278 121
10278 122
10278 123
10278 124
10278 187
10278 188
10278 189
10278 190
10278 191
10278 192
10278 193
10278 194
10278 195
10278 196
10278 197
10278 198
10278 199
10278 200
10278 201
10279 33
10279 34
10279 35
10279 36
10279 37
10279 38
10279 39
10279 40
10279 41
10279 42
10279 103
10279 104
10279 105
10279 106
10279 107
10279 108
10279 109
10279 120
10279 121
10279 122
10279 136
10279 137
10279 138
10279 139
10308 6
10308 7
10308 8
10551 120
10551 121
10551 122
10629 75
10629 77
10645 111
10645 112
10667 71
10667 72
10667 73
10667 77
10727 70
10727 71
10727 72
10786 73
10786 74
10786 75
10878 3
10878 4
10921 135
10921 136
10921 192
10921 221
23297 0
23918 119
