
Processing convert_wiener_joint_asimov_v2.C...
lhagaman debug, i = 0
lhagaman debug, i = 1
lhagaman debug, i = 2
lhagaman debug, i = 3
lhagaman debug, i = 4
lhagaman debug, i = 5
lhagaman debug, i = 6
lhagaman debug, i = 7
lhagaman debug, i = 8
lhagaman debug, i = 9
lhagaman debug, i = 10
lhagaman debug, i = 11
lhagaman debug, i = 12
lhagaman debug, i = 13
lhagaman debug, i = 14
lhagaman debug, i = 15
lhagaman debug, i = 16
lhagaman debug, i = 17
lhagaman debug, i = 18
lhagaman debug, i = 19
lhagaman debug, i = 20
lhagaman debug, i = 21
lhagaman debug, i = 22
lhagaman debug, i = 23
lhagaman debug, i = 24
lhagaman debug, i = 25
312
0 0.50541 0.498289 0.0636678 0.0556226 0 0 0 
1 0.247504 0.236568 0.0503471 0.052525 0 0 0 
2 0.0328446 0.0323744 0.00109183 0.00542895 0 0 0 
3 0.0197579 0.0192404 0.00054863 0.00445847 0 0 0 
4 0.0158085 0.0155395 0.000286478 0.00289002 0 0 0 
5 0.0144633 0.0142479 0.000545527 0.00242625 0 0 0 
6 0.0138491 0.0137391 0.000529861 0.0016595 0 0 0 
7 0.0141077 0.0140527 0.00027392 0.00121399 0 0 0 
8 0.015116 0.0150911 0.00029557 0.000816008 0 0 0 
9 0.0166461 0.0166011 0.00030736 0.00118424 0 0 0 
10 0.018735 0.0186748 0.000376066 0.00145296 0 0 0 
11 0.0211971 0.0211662 0.000406621 0.0010702 0 0 0 
12 0.0249219 0.0249063 0.000627095 0.000617742 0 0 0 
13 0.0299544 0.0299221 0.000961923 0.00100312 0 0 0 
14 0.0352101 0.0351683 0.00105176 0.0013546 0 0 0 
15 0.0416731 0.0416185 0.00164695 0.00135392 0 0 0 
16 0.0519562 0.0518748 0.0025328 0.00142706 0 0 0 
17 0.0646089 0.0644891 0.00354113 0.00171069 0 0 0 
18 0.0732688 0.0731246 0.00423026 0.00179407 0 0 0 
19 0.0873119 0.0870604 0.00653706 0.00106494 0 0 0 
20 0.115886 0.115285 0.0113901 0.00302264 0 0 0 
21 0.134692 0.133958 0.0139835 0.00126064 0 0 0 
22 0.163328 0.162053 0.0191858 0.00683409 0 0 0 
23 0.179124 0.177348 0.0251608 0 0 0 0 
24 0.215607 0.213755 0.0281991 0 0 0 0 
25 0.0976149 0.0965273 0.0145309 0 0 0 0 
26 0.228142 0.225336 0.00789652 0.0347913 0 0 0 
27 0.0686939 0.0685177 0.00278398 0.00405397 0 0 0 
28 0.0196005 0.0192494 0.000598671 0.00364401 0 0 0 
29 0.0125127 0.0122319 0.000113996 0.00263371 0 0 0 
30 0.0100845 0.00993055 8.33829e-05 0.00175333 0 0 0 
31 0.00937877 0.00926387 0.00011234 0.00145925 0 0 0 
32 0.0093594 0.0092725 9.26064e-05 0.0012691 0 0 0 
33 0.00973828 0.00965939 0.000126301 0.00123059 0 0 0 
34 0.010576 0.0105187 0.000110389 0.00109365 0 0 0 
35 0.011685 0.0116546 0.00013662 0.000831454 0 0 0 
36 0.0132302 0.0131929 0.000188036 0.000974397 0 0 0 
37 0.0153994 0.0153358 0.000265527 0.00137363 0 0 0 
38 0.0179875 0.0179148 0.000308558 0.00158605 0 0 0 
39 0.0209335 0.0208798 0.000387312 0.00144686 0 0 0 
40 0.0250105 0.0249147 0.000567287 0.00211191 0 0 0 
41 0.0286523 0.0286175 0.00087827 0.00110722 0 0 0 
42 0.0338472 0.033791 0.00112369 0.0015935 0 0 0 
43 0.0391187 0.0390117 0.00153405 0.0024518 0 0 0 
44 0.0451911 0.045098 0.00187665 0.00220989 0 0 0 
45 0.0507483 0.0505929 0.00235646 0.00319315 0 0 0 
46 0.0577916 0.0576348 0.00260441 0.00336342 0 0 0 
47 0.0648273 0.0645739 0.00439648 0.00366894 0 0 0 
48 0.0717342 0.0712276 0.0039412 0.00754319 0 0 0 
49 0.0797127 0.0795661 0.00481141 0.000444745 0 0 0 
50 0.0897611 0.0894761 0.00687014 0.0019689 0 0 0 
51 0.0399633 0.0398078 0.00310814 0.001656 0 0 0 
52 70.7948 5.99703 70.5403 0 0 0 0 
53 1.12799 0.676893 0.89868 0.0809721 0 0 0 
54 0.513945 0.402947 0.318463 0.0188429 0 0 0 
55 0.309363 0.272575 0.145726 0.0131301 0 0 0 
56 0.274229 0.2468 0.119469 0.00427904 0 0 0 
57 0.222978 0.206649 0.0837588 0 0 0 0 
58 0.206323 0.192964 0.073033 0 0 0 0 
59 0.206484 0.193099 0.0731345 0 0 0 0 
60 0.207589 0.194016 0.0738313 0 0 0 0 
61 0.215647 0.200665 0.0789779 0 0 0 0 
62 0.214829 0.199993 0.0784503 0 0 0 0 
63 0.235215 0.216503 0.0919373 0 0 0 0 
64 0.235339 0.216602 0.0920214 0 0 0 0 
65 0.244401 0.223791 0.0982315 0 0 0 0 
66 0.266407 0.240877 0.113803 0 0 0 0 
67 0.277281 0.249129 0.121735 0 0 0 0 
68 0.296149 0.26316 0.135833 0 0 0 0 
69 0.306656 0.27082 0.143856 0 0 0 0 
70 0.341506 0.295473 0.171237 0 0 0 0 
71 0.362175 0.309575 0.187973 0 0 0 0 
72 0.384902 0.324664 0.206744 0 0 0 0 
73 0.423844 0.349568 0.239678 0 0 0 0 
74 0.463577 0.373845 0.274124 0 0 0 0 
75 0.478523 0.382702 0.287268 0 0 0 0 
76 0.576796 0.437659 0.375696 0 0 0 0 
77 0.180777 0.171357 0.057593 0 0 0 0 
78 817.543 20.4129 817.288 0 0 0 0 
79 2.59442 1.09505 2.35199 0 0 0 0 
80 0.651069 0.475931 0.444275 0 0 0 0 
81 0.631051 0.465861 0.425674 0 0 0 0 
82 0.444486 0.362316 0.257478 0 0 0 0 
83 0.342759 0.296338 0.172242 0 0 0 0 
84 0.325882 0.28456 0.158823 0 0 0 0 
85 0.28187 0.252576 0.125126 0 0 0 0 
86 0.299105 0.265326 0.138078 0 0 0 0 
87 0.295546 0.262718 0.135376 0 0 0 0 
88 0.30236 0.267702 0.140562 0 0 0 0 
89 0.2913 0.259589 0.132171 0 0 0 0 
90 0.321243 0.281277 0.155179 0 0 0 0 
91 0.333853 0.290155 0.16513 0 0 0 0 
92 0.349876 0.301228 0.177974 0 0 0 0 
93 0.34586 0.298474 0.174734 0 0 0 0 
94 0.380792 0.321966 0.203322 0 0 0 0 
95 0.374232 0.317633 0.197886 0 0 0 0 
96 0.40638 0.338542 0.224797 0 0 0 0 
97 0.452655 0.367279 0.26458 0 0 0 0 
98 0.475318 0.380815 0.284442 0 0 0 0 
99 0.456771 0.369763 0.26817 0 0 0 0 
100 0.553773 0.42526 0.354709 0 0 0 0 
101 0.62372 0.46213 0.418883 0 0 0 0 
102 0.618803 0.459614 0.414334 0 0 0 0 
103 0.182736 0.173041 0.0587302 0 0 0 0 
